2,4,6,7,9,10,12,14,17,18,23,28,29,30,31,36,42,43,45,47,55,
2,6,7,8,9,10,11,12,14,17,18,23,26,28,29,30,40,42,47,48,52,
2,5,8,9,10,11,15,16,17,18,23,28,29,30,36,40,41,42,45,47,50,53,55,
0,2,7,8,10,11,12,13,16,17,18,25,28,29,30,36,38,40,42,43,46,53,54,
0,1,2,3,5,7,12,13,14,15,16,19,24,25,27,28,29,30,35,37,38,41,46,50,53,
0,1,2,3,4,7,10,11,12,14,15,18,19,28,29,30,38,41,42,43,45,47,55,
0,2,4,6,7,10,11,12,14,18,19,25,29,30,38,45,47,52,55,
1,2,4,5,7,8,11,12,14,18,24,26,28,34,37,38,40,42,43,46,54,
0,2,7,9,12,14,16,18,23,24,28,29,30,35,38,45,
0,2,4,7,10,11,12,14,18,25,28,29,30,38,41,42,43,45,55,
2,4,6,7,9,10,11,12,14,17,18,23,28,29,30,31,36,42,43,45,47,55,
0,4,5,6,7,10,12,13,14,16,25,28,29,30,35,38,41,44,45,46,47,53,
0,1,2,3,4,7,10,11,12,14,15,18,19,28,29,30,38,41,42,43,45,47,55,
0,2,7,9,12,14,16,24,25,28,29,30,35,37,38,45,46,53,
0,2,7,9,12,13,14,16,24,25,28,29,30,35,37,38,45,46,53,
0,2,5,7,9,12,14,16,18,28,29,30,38,42,44,45,46,47,55,
0,2,5,7,8,9,11,14,18,28,30,38,40,42,45,46,47,
0,2,4,5,6,7,9,10,13,14,15,16,18,28,30,38,42,44,45,47,
0,4,5,7,9,10,11,12,14,15,18,28,29,30,38,42,45,47,55,
